38.1644,-156.7291,-130.9328,-125.5032,487.4450,132.7563,174.3239,-170.0365,179.9177,-377.0276,-448.2708,350.1913,-491.1042,478.7676,327.0030,285.2110,-451.9165,-292.5607,349.8656,-67.5052,127.4679,-377.7176,-313.6637,-2.7321,259.4666
39.8572,-393.1199,366.1861,-360.3411,-60.3422,86.8495,-180.8505,-81.9458,386.9645,-45.8643,39.2471,470.4892,-224.0169,394.7902,-138.1445,-187.9590,381.2892,-434.5033,366.6551,327.7676,394.7148,-440.2427,-261.1944,275.1536,-63.1499
-494.6868,192.6196,299.7697,473.6249,-349.3359,-248.0450,341.3606,-408.1909,-225.7294,-48.2373,-81.6572,42.7339,368.6843,131.2634,154.0001,92.2216,-289.1714,-50.3409,487.5384,409.2304,267.4444,33.6817,368.8658,130.8825,-102.4307
26.3197,-301.4165,72.8201,-186.3755,281.3993,327.5204,493.7963,334.9731,-440.7366,224.3257,308.1795,372.2422,-8.3278,-24.0884,30.8136,-345.0667,456.9554,487.0043,-237.0169,457.3361,-291.7819,-415.2563,232.2298,316.4061,-300.2715
453.7573,-100.2673,-314.1319,-199.4255,-387.1889,271.8209,-214.6872,193.2961,-39.0959,-375.0270,87.2454,467.1754,-315.1295,462.5746,-381.9296,76.4275,-326.4227,495.9722,49.7893,371.7219,207.5035,-51.4379,-240.3876,372.1045,385.2744
284.0334,306.8666,-458.2630,-280.9772,54.5383,-421.4381,90.2483,447.2551,-146.2080,190.3759,-298.1035,296.4719,396.4420,315.2347,-59.2556,-151.7546,-416.2524,347.9814,403.8203,58.4815,264.1264,-272.1093,255.9518,-250.2347,229.0647
-488.0282,-115.3028,-261.8091,-459.5790,-240.5147,418.5539,-197.4607,-383.5723,166.8050,272.2750,-155.2089,423.2259,197.1294,37.5460,396.5938,308.9913,104.2568,-248.7175,22.4988,120.5714,396.8787,438.8793,-438.5997,26.7373,437.1954
-68.9803,253.7953,-270.2469,371.1518,-325.6291,-238.1156,-254.1827,-357.9020,169.4432,342.7602,-342.4387,-300.7988,-102.6147,-199.1170,137.9745,-382.9410,82.6240,3.6708,-382.5477,-51.8667,-125.2243,-432.5378,-174.1205,142.6972,375.2967
452.6273,236.5747,-91.8309,-351.1637,183.1190,73.1016,361.1734,-243.8726,156.8970,-406.5122,-190.4506,-68.8645,305.3555,-152.2932,118.8898,486.0262,446.2743,-22.3879,-290.6974,115.4878,293.5342,93.8747,247.6927,-286.6745,-214.1924
-343.7960,-442.4299,-39.5096,273.1754,-125.5923,453.1409,-148.6071,-119.2570,352.3613,160.2799,34.3524,-263.8855,-412.4316,-336.2425,-334.6217,-81.0984,-169.2877,47.1455,-240.1612,182.7499,446.1333,317.8145,76.5167,-241.3524,290.9867
336.1825,-405.8675,346.4291,420.2049,-297.5777,-316.5282,226.3612,-19.5869,-426.0384,113.3902,329.1937,229.1948,-449.1128,-457.3253,17.9757,157.7220,420.6438,211.0369,177.9976,375.2200,-93.1819,-328.0618,-385.0123,-142.8942,364.4310
48.9769,-456.4431,407.0890,323.7224,-444.1892,285.9738,-317.5558,-449.7226,-104.3956,205.5540,-230.9860,-68.1496,339.2449,-378.5416,140.4453,-184.9869,-438.4860,263.5605,174.3645,-38.8659,-33.0326,-111.6235,179.9545,-490.5966,-391.3357
-414.9309,-391.5849,53.8221,-83.1162,156.8363,22.3884,282.7312,202.7411,-465.1037,-412.6445,164.8731,352.8590,325.2274,-408.5671,101.0259,-350.0258,-199.0421,350.7951,121.6773,337.5192,104.8322,403.3694,-225.9858,-20.5768,435.0723
264.0676,-449.3868,-289.5365,-128.6127,138.1795,-209.7742,338.9960,308.2337,-82.1871,-247.5609,-263.4548,-273.5177,-2.1999,43.5925,392.7594,-2.2007,62.6124,-271.4922,482.1238,-23.4631,-348.6818,-209.9224,231.1468,-230.7005,492.8168
60.1583,292.0274,100.5786,186.1765,-105.2441,309.3529,306.4917,304.8485,128.6153,296.0869,300.7570,-267.2624,-453.1402,420.8157,-109.9996,-423.3795,369.9299,342.1362,112.7856,-396.2904,369.0140,-13.3321,-411.7384,-323.5406,-358.7887
368.5936,387.3626,431.3174,-176.5923,84.2370,115.7025,-139.1959,-482.9970,-439.3674,-419.5381,-48.8452,-86.9251,-472.5299,-439.1506,-118.1221,146.3137,2.8329,254.3559,57.9570,-411.9336,-393.2680,-142.7947,103.9785,365.7507,378.4903
460.3262,360.5094,-96.3526,59.5787,-439.4941,440.8894,88.1188,-456.4323,386.9373,217.5416,485.1518,-401.7651,-75.8116,-392.6301,440.7274,-349.4252,218.1863,176.9082,102.1954,-23.7401,-70.4436,296.3538,103.2872,-160.5055,231.2556
169.9800,-60.2576,202.0317,-334.4681,-72.2152,281.5440,288.6512,252.7630,498.1915,-109.7336,413.9461,276.1469,261.5421,-177.9077,-408.7399,269.3300,-437.3592,159.4665,-484.4185,-314.6891,-56.2577,334.5964,-200.1349,422.2841,441.7218
250.9340,-152.6341,-46.3513,470.0818,67.3691,94.5752,65.0948,-342.3488,491.5670,92.2197,178.7801,312.3052,-6.2564,-252.0014,436.7297,-322.7721,-131.2237,203.2966,-57.3679,94.7021,-277.7913,346.6759,363.5382,-60.5037,416.4191
368.8283,147.8265,-272.0527,-468.8143,431.7240,427.4450,113.7505,38.0380,233.8108,-104.4433,-180.4016,-152.5057,-152.7177,41.1654,-486.3649,-275.3444,61.9848,385.3697,24.4040,-219.3856,442.9017,355.0829,-231.3024,492.7623,195.3639
-240.7941,110.2593,-172.8496,423.9423,114.2681,-449.1676,15.5355,45.6420,319.5797,443.4111,179.4338,80.1228,31.5964,-327.7523,237.5826,0.8957,-102.7438,250.3345,-142.7597,204.1159,-173.6212,-310.0749,58.9050,416.5115,-310.9766
-349.8203,-180.8446,359.5520,-41.9037,-122.8420,-131.0088,-171.5105,46.9858,-92.0644,-351.7265,236.3481,-346.6367,45.6405,-14.4172,-484.2125,-254.9665,301.5229,337.7475,362.3647,-359.7481,245.5748,-149.1859,-273.6444,-307.2559,380.1607
480.0889,52.3882,441.9954,-362.4861,-494.8268,-37.3288,391.8109,11.8412,-240.6716,420.3244,143.9987,-153.4503,79.3089,149.4392,-421.7077,50.6164,104.2521,-416.0004,-320.4456,-466.5956,-278.3179,-468.1042,86.8941,316.0947,-391.9781
375.6755,-259.6006,-499.4192,-81.6041,-199.1804,-144.2154,-181.7843,280.4222,-129.2894,338.7664,175.5168,182.1922,269.3038,-326.3910,425.8880,71.4133,-481.3285,-301.3241,408.8270,136.1125,-496.3659,-398.3817,460.0594,-284.6155,-52.3563
61.6281,-489.4138,-78.8520,77.0245,-461.2016,-9.3651,274.7940,157.9372,-290.3652,-55.6282,-316.4157,-96.8137,-150.4386,-68.8921,225.3693,-314.4580,433.6728,268.2253,452.9032,-138.8119,125.3144,168.6669,463.0254,193.7747,12.8369
-347.9782,285.7942,418.7729,147.8830,31.0520,-484.6778,492.2780,341.7744,132.0585,5.3205,210.9523,357.9047,-150.4285,-346.6955,-139.7266,-371.3364,-38.9719,251.6227,-118.9954,-34.8921,-321.4230,470.0727,-310.0184,399.6123,-241.5065
394.3863,-344.4321,111.9157,83.3074,-344.2505,101.4752,31.6335,387.8198,-409.8475,-9.6549,-476.2467,333.4955,-441.1848,356.2645,226.2831,433.0674,45.4574,-393.8682,230.1868,-458.8601,-382.8117,-192.7164,37.6310,-401.5544,19.1207
-296.5327,-219.3756,431.6881,54.1385,495.2392,210.9378,-109.4885,333.0091,176.6950,-235.7470,-201.4186,-154.9352,-110.3693,423.3315,409.2482,-441.8319,-65.6015,-336.5430,314.1243,10.2149,-59.4194,252.8755,353.6937,-492.8453,-340.1491
-420.9487,443.4795,-147.0391,-174.0067,-189.8101,-332.5096,-306.8050,-134.0122,402.2619,-103.0032,-429.8520,-144.9084,-82.7256,294.3669,201.9090,39.8159,-189.7215,-388.2192,-309.0640,-145.1639,370.1448,-484.0281,-93.6385,158.0866,-402.5544
-9.7544,297.2629,60.0316,-154.1384,408.9473,12.2019,73.4832,-162.3863,275.9489,-155.2334,70.7655,-74.8528,-84.4758,-280.4631,-220.7240,21.3041,49.7394,-280.5851,154.4744,399.6913,136.4315,105.9600,325.0167,107.2135,-248.6481
-376.9615,-215.9287,-29.4802,-191.9047,-332.5647,436.2415,371.6119,-367.7638,-35.4406,493.1496,414.4661,-232.3319,-304.4483,-286.9600,-493.1736,313.8175,382.2092,-475.5818,403.6978,-208.7670,-148.5882,187.0290,-420.9987,292.0075,-318.3618
-427.6523,-158.2891,-288.4842,-133.1398,-432.4741,-93.8556,220.5196,-138.5194,-43.6416,-179.9033,-309.6368,350.4670,104.9894,221.0158,24.2088,114.6171,-89.1694,-5.6331,109.0026,-175.3920,-147.8313,-424.4345,290.7013,-364.8710,-16.6011
-157.9148,-410.9443,-75.1192,35.7558,220.3091,-402.9949,-111.9434,460.3683,11.9040,-47.6602,8.3908,-399.3971,448.0273,-302.6928,179.4138,-310.3789,69.2656,-410.8027,-336.8924,192.5297,-377.1155,37.1981,109.1189,215.1671,317.0803
232.5765,121.0272,-116.9823,188.8469,-283.6097,-221.2580,-231.1577,-218.7392,-174.9639,180.9339,464.1689,74.4075,417.6061,34.4402,68.0319,-35.4146,-377.8655,250.3132,-264.6478,-173.0973,-498.2861,-146.1863,-11.1391,-222.2188,-288.8539
118.6704,88.6140,62.7118,-149.3380,-241.0940,-13.5273,-223.6376,-295.1393,136.3108,-123.6953,-415.4676,401.2870,-177.0611,-156.6451,-13.0694,256.4599,185.0638,-324.8347,142.8957,-108.8030,311.4161,481.4549,471.4930,187.4296,-47.0748
275.8462,399.8991,-74.0754,-317.7351,-235.8304,-136.8757,-144.9001,-39.8314,-228.5238,68.5630,-364.2507,74.6342,-231.0345,63.9351,-275.4547,81.8585,-84.6978,391.2392,-327.0288,-125.4814,-99.8848,-125.6387,-143.4347,110.1496,-487.1287
-110.8134,-96.7207,364.8607,456.2307,315.1080,342.9573,489.4108,494.3464,136.9655,-439.1266,362.9244,-7.4698,-470.7445,-341.9960,47.7769,209.5735,461.1825,315.0213,390.3233,-441.5090,-65.6653,304.4644,308.5286,-295.4011,79.0400
-256.3278,-355.2356,329.6336,-123.2100,397.8227,-463.5688,423.4542,306.1065,-23.9974,27.6486,-220.1509,16.8199,226.7885,192.4286,73.2650,-365.7208,-221.0726,471.0879,-124.3253,-110.0251,-96.7657,353.5696,-110.7562,66.2023,-103.7127
-284.8389,-196.3268,-275.2504,300.8564,496.0985,269.7795,10.4950,98.3406,5.1184,351.9936,-365.8726,-457.2555,215.6084,-40.4938,248.8776,421.4332,-309.3713,260.2480,228.7720,128.0866,-111.6411,100.5660,26.6338,-410.8116,71.7409
-499.1036,-177.6937,176.4030,409.0480,387.4000,-171.9434,-497.8383,408.4755,-393.2225,188.4613,-289.6314,338.1209,-403.7311,442.3809,-387.2978,110.2038,356.8290,-337.1494,-86.7387,-204.6579,437.4271,105.4171,404.6626,483.7246,65.8172
301.2450,6.6642,-79.1418,477.1470,-131.6594,-114.5486,-160.8019,-277.5906,-154.0252,-227.2054,364.6774,252.4345,58.9417,312.4984,246.3648,443.3642,-340.9734,-201.3707,361.3545,-147.9655,-497.4801,-254.8711,-330.6840,144.9174,379.8168
-68.4165,29.3788,-138.9362,-243.6499,-430.9412,486.2627,-51.9582,220.1984,107.8753,469.9620,359.9244,259.3383,-155.8112,490.8362,-345.7086,90.1135,-3.9253,-450.8136,317.7443,-295.0976,-1.2997,-18.5851,-160.3719,-133.9605,278.0521
428.9982,172.3046,28.3105,-314.1280,-475.0636,128.2899,242.8295,344.9194,-188.1348,90.4448,-135.3925,-388.6148,253.2095,427.8070,-57.3888,251.8893,350.2155,-438.4699,144.6346,-172.7975,-107.3884,291.9101,-213.5377,372.0030,315.9114
-476.6492,-308.8805,477.5776,-171.6644,440.2939,196.7191,-0.9718,-144.2492,58.8835,32.5370,-296.4663,303.0202,465.1858,-494.1705,336.9193,473.0530,129.6748,-79.0172,-306.3471,-272.5596,476.9926,-381.5543,200.4093,91.0370,-3.3156
54.0661,459.3369,61.5146,45.9055,125.8688,181.9812,52.2065,277.1515,462.2312,204.4338,399.7814,-343.3430,-14.6579,-40.7565,314.9637,-168.0583,-166.4729,-16.0906,-280.5748,-31.8865,105.4978,-248.3911,-301.4147,248.9814,360.6288
113.2643,211.1220,-400.2221,152.4106,48.8802,-491.7520,-217.4041,384.7256,-240.8830,-289.3396,63.5521,-365.3352,-89.8132,221.3067,-309.3294,-27.5631,-429.3822,-146.5076,398.1234,26.0033,340.8749,126.0317,-113.5215,163.0203,300.7300
22.0477,124.9554,409.3712,-237.2995,166.5736,221.3853,396.6375,-32.1427,332.3801,254.5872,27.1424,-248.0630,-104.1543,114.5338,15.7116,289.1639,208.9922,30.5517,403.2080,-125.6908,113.4123,-217.9560,435.1155,312.4406,-335.8322
454.2654,166.0809,-113.5205,-295.8811,-154.8768,86.7417,246.1663,126.2155,-82.4901,276.6498,127.1933,165.6465,-223.2823,-76.6028,-323.9611,-49.7585,-271.9438,-41.3367,-54.9738,430.4974,-127.4468,-427.0747,-55.0047,146.4253,113.5736
342.3143,276.8084,-68.3948,-110.6949,-472.1850,232.4815,-445.6242,-82.6597,-160.0080,182.5369,-198.0464,-250.9043,462.5801,32.0412,-234.5423,338.4866,-368.2639,442.6293,-229.0336,334.5346,-52.2684,417.1923,-348.2801,-402.7028,371.1048
-93.7975,-432.0284,199.1505,326.8465,281.7456,-482.4492,370.1123,-21.4785,50.2380,-206.7201,-81.7718,-389.5558,186.5059,-98.0022,457.8860,-448.0158,204.6804,-201.3897,99.8265,-398.3555,287.7865,-310.8888,-212.2518,-204.0537,-72.9390